Number of learning samples: 43
Number of validation samples: 6
Number of testing samples: 6
Learning results:
  IoU,   Dice
0.7017403244972229, 0.8240063786506653, 
0.7406075596809387, 0.8502863049507141, 
0.7482681274414062, 0.8552073240280151, 
0.7647092938423157, 0.8658280372619629, 
0.8091409802436829, 0.8941119909286499, 
0.8237174153327942, 0.9030394554138184, 
0.8460170030593872, 0.9164067506790161, 
0.871555507183075, 0.9312741160392761, 
0.8772699236869812, 0.9344995617866516, 
0.8971113562583923, 0.9457041621208191, 
0.9039686322212219, 0.9495248198509216, 
0.9098994731903076, 0.9527845978736877, 
0.922055721282959, 0.9594235420227051, 
0.9240629076957703, 0.9605116248130798, 
0.926245391368866, 0.9616962671279907, 
0.9303738474845886, 0.9639139771461487, 
0.9373345971107483, 0.9676432013511658, 
0.9401570558547974, 0.9691445231437683, 
0.9394533038139343, 0.9687694311141968, 
0.9402168989181519, 0.969174325466156, 


Validation results:
  IoU,   Dice
0.696888267993927, 0.8213146328926086, 
0.7328052520751953, 0.8456795811653137, 
0.7383796572685242, 0.8486285209655762, 
0.7616329789161682, 0.8639593124389648, 
0.7956930994987488, 0.885959804058075, 
0.8022181391716003, 0.8899180889129639, 
0.8223854899406433, 0.9022660255432129, 
0.855555534362793, 0.9220888018608093, 
0.8561575412750244, 0.9222415089607239, 
0.8786618709564209, 0.9353280067443848, 
0.8867986798286438, 0.9398975372314453, 
0.892277717590332, 0.9429834485054016, 
0.9022528529167175, 0.9484912753105164, 
0.9024878144264221, 0.948652982711792, 
0.9050297737121582, 0.9500678181648254, 
0.9078783392906189, 0.9516201019287109, 
0.9124619364738464, 0.9541058540344238, 
0.913454532623291, 0.9546409249305725, 
0.913043737411499, 0.9544145464897156, 
0.9142168164253235, 0.9550755023956299, 


Testing results:
  IoU,   Dice
0.7049264907836914, 0.8267714977264404, 
0.7306464314460754, 0.8440846800804138, 
0.7124500274658203, 0.8311960101127625, 
0.7333712577819824, 0.845440685749054, 
0.7914786338806152, 0.8829414248466492, 
0.7864359021186829, 0.8795779347419739, 
0.8062024116516113, 0.8917346000671387, 
0.8378080725669861, 0.9111307263374329, 
0.8427842259407043, 0.9140116572380066, 
0.8657863736152649, 0.9272804856300354, 
0.8750314712524414, 0.9328444600105286, 
0.879361629486084, 0.9352927207946777, 
0.895236074924469, 0.9442158341407776, 
0.8943624496459961, 0.9436697959899902, 
0.8976870179176331, 0.9456680417060852, 
0.9016852378845215, 0.9478709697723389, 
0.9019743800163269, 0.9478380680084229, 
0.9077482223510742, 0.9511862397193909, 
0.9069878458976746, 0.9506391882896423, 
0.907289981842041, 0.9507760405540466, 

