Number of learning samples: 8
Number of validation samples: 1
Number of testing samples: 1
Learning results:
  IoU,   Dice
0.357970267534256, 0.5270025730133057, 
0.5864672064781189, 0.739063024520874, 
0.6337085962295532, 0.7755789160728455, 
0.6839717626571655, 0.8121111392974854, 
0.6337591409683228, 0.7754102945327759, 
0.7141168117523193, 0.8329819440841675, 
0.7145989537239075, 0.83326256275177, 
0.7271388173103333, 0.8417130708694458, 
0.7379201054573059, 0.8489195704460144, 
0.7380975484848022, 0.8490427732467651, 


Validation results:
  IoU,   Dice
0.3901323974132538, 0.5612872838973999, 
0.6443719267845154, 0.7837297320365906, 
0.6772258281707764, 0.8075543642044067, 
0.7325322031974792, 0.8456200361251831, 
0.6876345872879028, 0.8149089813232422, 
0.7570058703422546, 0.8616995811462402, 
0.7514747381210327, 0.8581048846244812, 
0.7645875215530396, 0.8665903806686401, 
0.7745015025138855, 0.8729226589202881, 
0.7837644219398499, 0.8787754774093628, 


Testing results:
  IoU,   Dice
0.3334273397922516, 0.5001047849655151, 
0.6831995844841003, 0.811786413192749, 
0.7291036248207092, 0.8433310389518738, 
0.7871382236480713, 0.8808921575546265, 
0.7288320064544678, 0.8431493043899536, 
0.8238556981086731, 0.9034218192100525, 
0.799412727355957, 0.8885260820388794, 
0.8210886716842651, 0.9017556309700012, 
0.8296129703521729, 0.9068724513053894, 
0.824805498123169, 0.9039925932884216, 

